function diff = D16init

diff=zeros(16);
diff( 1, 1)=-0.46922640442193156429764101e+02;
diff( 1, 2)= 0.76369232393206968249462218e+02;
diff( 1, 3)=-0.52152118900490527872945382e+02;
diff( 1, 4)= 0.41315544034787357956804401e+02;
diff( 1, 5)=-0.34209556005934038227580308e+02;
diff( 1, 6)= 0.28754804995096838314374505e+02;
diff( 1, 7)=-0.24210564215973318674889541e+02;
diff( 1, 8)= 0.20246648321414360837601410e+02;
diff( 1, 9)=-0.16698767424160451266961425e+02;
diff( 1,10)= 0.13482386737587587022773267e+02;
diff( 1,11)=-0.10556626251085438096185331e+02;
diff( 1,12)= 0.79075935832558769723691509e+01;
diff( 1,13)=-0.55408437606572184608495096e+01;
diff( 1,14)= 0.34796452745852260419403834e+01;
diff( 1,15)=-0.17700946437619535889509223e+01;
diff( 1,16)= 0.50535630432188722280118543e+00;
diff( 2, 1)=-0.65166336663536151004967599e+01;
diff( 2, 2)=-0.87640779851263339797798676e+01;
diff( 2, 3)= 0.23884750591474530095477760e+02;
diff( 2, 4)=-0.14928688384117843378918152e+02;
diff( 2, 5)= 0.11364230896933635705316164e+02;
diff( 2, 6)=-0.91735331230885025023901274e+01;
diff( 2, 7)= 0.75504261470979907042842235e+01;
diff( 2, 8)=-0.62263912856066050183347522e+01;
diff( 2, 9)= 0.50882763226073369770875177e+01;
diff( 2,10)=-0.40823720508026545220700333e+01;
diff( 2,11)= 0.31822930793627985430222349e+01;
diff( 2,12)=-0.23761895374545570787856418e+01;
diff( 2,13)= 0.16612372516694670266766501e+01;
diff( 2,14)=-0.10416235682366142059461359e+01;
diff( 2,15)= 0.52933857849979923964070264e+00;
diff( 2,16)=-0.15104326685883250478378209e+00;
diff( 3, 1)= 0.12516967842192450034502166e+01;
diff( 3, 2)=-0.67180465168367020789009969e+01;
diff( 3, 3)=-0.34530961794314887198044632e+01;
diff( 3, 4)= 0.13587804819341901966917679e+02;
diff( 3, 5)=-0.79474234559608564583353611e+01;
diff( 3, 6)= 0.58074178296772556676105597e+01;
diff( 3, 7)=-0.45456295869092914683987216e+01;
diff( 3, 8)= 0.36404356553984395883992347e+01;
diff( 3, 9)=-0.29203207488624178685778717e+01;
diff( 3,10)= 0.23140628937505890057727837e+01;
diff( 3,11)=-0.17883812867931597205855178e+01;
diff( 3,12)= 0.13272690802341317600039825e+01;
diff( 3,13)=-0.92394032139339748625720865e+00;
diff( 3,14)= 0.57761318979809980245171808e+00;
diff( 3,15)=-0.29297670736175771649912388e+00;
diff( 3,16)= 0.83514551129408722753090242e-01;
diff( 4, 1)=-0.44204624145347550226669030e+00;
diff( 4, 2)= 0.18718497982316468994033704e+01;
diff( 4, 3)=-0.60572618470186035110761564e+01;
diff( 4, 4)=-0.17593559123640020765070242e+01;
diff( 4, 5)= 0.95591788450092372903049502e+01;
diff( 4, 6)=-0.53146325282586484784904697e+01;
diff( 4, 7)= 0.37410639718248409813830803e+01;
diff( 4, 8)=-0.28363164634726134268293433e+01;
diff( 4, 9)= 0.22025436865596791232647583e+01;
diff( 4,10)=-0.17092629834549226650324880e+01;
diff( 4,11)= 0.13025205046916316811294288e+01;
diff( 4,12)=-0.95731073819938406616063425e+00;
diff( 4,13)= 0.66189711692154239503250546e+00;
diff( 4,14)=-0.41188025086523067882675897e+00;
diff( 4,15)= 0.20829603608449471983214667e+00;
diff( 4,16)=-0.59282994236192685160674964e-01;
diff( 5, 1)= 0.21177622375584723933507442e+00;
diff( 5, 2)=-0.82445115183819260631401899e+00;
diff( 5, 3)= 0.20498823582813231515971236e+01;
diff( 5, 4)=-0.55309040307816891463925938e+01;
diff( 5, 5)=-0.99942949581675401952160659e+00;
diff( 5, 6)= 0.75204798190815068032681416e+01;
diff( 5, 7)=-0.40094716068401144490939798e+01;
diff( 5, 8)= 0.27249320065946152036317176e+01;
diff( 5, 9)=-0.19985840945438097641182522e+01;
diff( 5,10)= 0.14989506428723540049034863e+01;
diff( 5,11)=-0.11174158293603414060704796e+01;
diff( 5,12)= 0.80922353712335184338528990e+00;
diff( 5,13)=-0.55389630285889385803962670e+00;
diff( 5,14)= 0.34234308607572265818396846e+00;
diff( 5,15)=-0.17238757456686970332450347e+00;
diff( 5,16)= 0.48952412821944048570259412e-01;
diff( 6, 1)=-0.12316076245208885903168729e+00;
diff( 6, 2)= 0.46046189153612019524571140e+00;
diff( 6, 3)=-0.10363771698078199946958410e+01;
diff( 6, 4)= 0.21275557887215589860672955e+01;
diff( 6, 5)=-0.52032863869130603721193097e+01;
diff( 6, 6)=-0.57960620042882003382141589e+00;
diff( 6, 7)= 0.63571680343485993934171230e+01;
diff( 6, 8)=-0.32647396179463041885860187e+01;
diff( 6, 9)= 0.21429505478861467853673719e+01;
diff( 6,10)=-0.15163030052400923899688515e+01;
diff( 6,11)= 0.10916630664874730910695160e+01;
diff( 6,12)=-0.77312016165239005298206355e+00;
diff( 6,13)= 0.52142552188705935590624438e+00;
diff( 6,14)=-0.31915002345318865796989075e+00;
diff( 6,15)= 0.15973395103983231399789601e+00;
diff( 6,16)=-0.45215474013025571896079665e-01;
diff( 7, 1)= 0.82447441425934594915069867e-01;
diff( 7, 2)=-0.30132755928097399196361912e+00;
diff( 7, 3)= 0.64496943961652310752567508e+00;
diff( 7, 4)=-0.11907296840913433392924243e+01;
diff( 7, 5)= 0.22056147236014911012429222e+01;
diff( 7, 6)=-0.50544513539964205376358863e+01;
diff( 7, 7)=-0.30585828391684537627862479e+00;
diff( 7, 8)= 0.56633663762579166141721041e+01;
diff( 7, 9)=-0.28058639497445120107192664e+01;
diff( 7,10)= 0.17755457934262196432671689e+01;
diff( 7,11)=-0.12055808083874162681137225e+01;
diff( 7,12)= 0.82457439085763851538816780e+00;
diff( 7,13)=-0.54403511611845800824726654e+00;
diff( 7,14)= 0.32833732253896697448507131e+00;
diff( 7,15)=-0.16292208971781409563073991e+00;
diff( 7,16)= 0.45913357529093076885370605e-01;
diff( 8, 1)=-0.61743965768192754364558816e-01;
diff( 8, 2)= 0.22252197627910014964532807e+00;
diff( 8, 3)=-0.46255945444393823535233540e+00;
diff( 8, 4)= 0.80842891871711744093390398e+00;
diff( 8, 5)=-0.13423547034007236073794323e+01;
diff( 8, 6)= 0.23244916392511121059863876e+01;
diff( 8, 7)=-0.50715856800624300196340622e+01;
diff( 8, 8)=-0.95878037026353288785159861e-01;
diff( 8, 9)= 0.52624649201923754606355865e+01;
diff( 8,10)=-0.25126715247284254423168686e+01;
diff( 8,11)= 0.15257788414450717412610620e+01;
diff( 8,12)=-0.98454154193942706949657761e+00;
diff( 8,13)= 0.62778608589134536738400331e+00;
diff( 8,14)=-0.37106052688830396776163799e+00;
diff( 8,15)= 0.18184743798195574065414627e+00;
diff( 8,16)=-0.50924385500283621409785012e-01;
diff( 9, 1)= 0.50924385500283621409785012e-01;
diff( 9, 2)=-0.18184743798195574065414627e+00;
diff( 9, 3)= 0.37106052688830396776163799e+00;
diff( 9, 4)=-0.62778608589134536738400331e+00;
diff( 9, 5)= 0.98454154193942706949657761e+00;
diff( 9, 6)=-0.15257788414450717412610620e+01;
diff( 9, 7)= 0.25126715247284254423168686e+01;
diff( 9, 8)=-0.52624649201923754606355865e+01;
diff( 9, 9)= 0.95878037026353288785159861e-01;
diff( 9,10)= 0.50715856800624300196340622e+01;
diff( 9,11)=-0.23244916392511121059863876e+01;
diff( 9,12)= 0.13423547034007236073794323e+01;
diff( 9,13)=-0.80842891871711744093390398e+00;
diff( 9,14)= 0.46255945444393823535233540e+00;
diff( 9,15)=-0.22252197627910014964532807e+00;
diff( 9,16)= 0.61743965768192754364558816e-01;
diff(10, 1)=-0.45913357529093076885370605e-01;
diff(10, 2)= 0.16292208971781409563073991e+00;
diff(10, 3)=-0.32833732253896697448507131e+00;
diff(10, 4)= 0.54403511611845800824726654e+00;
diff(10, 5)=-0.82457439085763851538816780e+00;
diff(10, 6)= 0.12055808083874162681137225e+01;
diff(10, 7)=-0.17755457934262196432671689e+01;
diff(10, 8)= 0.28058639497445120107192664e+01;
diff(10, 9)=-0.56633663762579166141721041e+01;
diff(10,10)= 0.30585828391684537627862479e+00;
diff(10,11)= 0.50544513539964205376358863e+01;
diff(10,12)=-0.22056147236014911012429222e+01;
diff(10,13)= 0.11907296840913433392924243e+01;
diff(10,14)=-0.64496943961652310752567508e+00;
diff(10,15)= 0.30132755928097399196361912e+00;
diff(10,16)=-0.82447441425934594915069867e-01;
diff(11, 1)= 0.45215474013025571896079665e-01;
diff(11, 2)=-0.15973395103983231399789601e+00;
diff(11, 3)= 0.31915002345318865796989075e+00;
diff(11, 4)=-0.52142552188705935590624438e+00;
diff(11, 5)= 0.77312016165239005298206355e+00;
